3126	3138	3142	3138	3146	3133	3147	3142	3147	3129	3144	3131	3139	3129	3135	3140	3141	3123	3094	3075	3068	3070	3073	3085	3085	3086	3082	3090	3088	3089	3115	3115	3131	3142	3142	3152	3142	3158	3144	3155	3158	3154	3153	3163	3158	3151	3147	3155	3160	3157	3154	3141	3164	3164	3163	3162	3154	3158	3159	3170	3160	3167	3161	3159	3160	3173	3159	3159	3169	3160	3180	3177	3166	3165	3160	3171	3182	3184	3168	3166
3187	3173	3170	3164	3170	3182	3187	3180	3183	3184	3173	3170	3158	3169	3180	3177	3166	3173	3174	3178	3179	3187	3180	3195	3178	3188	3182	3191	3179	3179	3171	3183	3191	3191	3175	3186	3179	3184	3191	3186	3192	3184	3194	3192	3186	3203	3179	3169	3195	3197	3181	3185	3188	3183	3193	3184	3180	3185	3182	3189	3183	3187	3202	3193	3173	3184	3182	3192	3208	3179	3188	3182	3188	3189	3180	3198	3187	3194	3179	3197
3127	3140	3141	3137	3132	3143	3145	3138	3138	3139	3148	3137	3136	3132	3140	3155	3139	3126	3110	3079	3087	3067	3075	3084	3067	3080	3069	3089	3090	3091	3112	3109	3138	3133	3137	3148	3136	3148	3153	3149	3160	3164	3152	3138	3160	3161	3158	3155	3161	3155	3163	3145	3159	3140	3158	3163	3145	3160	3165	3167	3160	3151	3171	3169	3158	3167	3177	3162	3161	3166	3178	3174	3165	3178	3175	3169	3174	3169	3165	3180
3181	3173	3179	3182	3176	3179	3178	3177	3185	3178	3178	3173	3168	3183	3178	3178	3176	3171	3183	3172	3180	3186	3183	3182	3170	3182	3182	3190	3182	3181	3184	3173	3181	3195	3189	3187	3189	3187	3205	3186	3198	3177	3188	3182	3179	3198	3183	3175	3188	3195	3189	3180	3191	3194	3198	3197	3182	3184	3187	3188	3191	3188	3192	3190	3192	3196	3201	3185	3213	3188	3192	3189	3193	3190	3197	3195	3183	3197	3187	3206
3145	3131	3143	3137	3136	3146	3138	3136	3130	3133	3146	3137	3131	3126	3140	3135	3139	3124	3117	3086	3074	3072	3074	3074	3068	3073	3074	3079	3081	3091	3113	3116	3131	3133	3134	3143	3157	3151	3151	3146	3158	3154	3149	3154	3165	3149	3140	3159	3160	3153	3168	3144	3160	3148	3148	3154	3154	3152	3157	3163	3151	3160	3173	3159	3166	3173	3168	3166	3162	3174	3174	3182	3166	3173	3172	3163	3171	3169	3162	3162
3186	3173	3172	3184	3171	3180	3176	3166	3175	3172	3175	3170	3178	3155	3176	3177	3164	3182	3172	3171	3174	3170	3179	3195	3172	3183	3184	3185	3183	3186	3169	3166	3187	3184	3177	3170	3172	3169	3180	3188	3185	3188	3196	3182	3181	3186	3189	3183	3179	3181	3193	3177	3190	3182	3183	3202	3193	3194	3184	3190	3187	3179	3194	3200	3183	3180	3189	3182	3197	3184	3197	3186	3205	3182	3183	3174	3188	3184	3182	3191
3142	3142	3123	3130	3145	3137	3137	3135	3142	3133	3134	3135	3143	3133	3139	3152	3144	3142	3122	3094	3080	3061	3078	3091	3068	3085	3074	3066	3081	3089	3095	3116	3126	3133	3144	3144	3152	3159	3157	3155	3157	3161	3158	3147	3165	3152	3157	3156	3163	3160	3165	3150	3170	3157	3156	3165	3166	3157	3168	3161	3165	3167	3162	3169	3171	3162	3166	3165	3164	3172	3176	3179	3173	3177	3175	3178	3174	3184	3159	3176
3181	3166	3172	3172	3179	3181	3172	3168	3180	3174	3180	3173	3186	3173	3188	3185	3180	3172	3189	3176	3181	3176	3172	3194	3183	3187	3183	3187	3178	3183	3170	3185	3184	3187	3180	3188	3181	3187	3179	3199	3194	3184	3194	3191	3177	3189	3184	3191	3189	3193	3200	3198	3181	3186	3199	3199	3185	3200	3196	3198	3187	3187	3198	3189	3176	3187	3201	3180	3208	3192	3200	3196	3195	3172	3192	3192	3190	3194	3183	3198
3131	3152	3134	3135	3140	3134	3139	3134	3135	3145	3131	3147	3125	3137	3132	3150	3133	3140	3139	3089	3085	3069	3073	3073	3055	3068	3066	3071	3070	3093	3095	3109	3124	3142	3149	3134	3138	3160	3148	3164	3150	3159	3155	3146	3162	3160	3148	3167	3156	3164	3160	3150	3163	3155	3156	3168	3158	3162	3138	3165	3163	3169	3162	3161	3167	3168	3170	3178	3173	3177	3177	3175	3172	3182	3178	3171	3168	3177	3162	3171
3176	3167	3171	3170	3176	3187	3170	3186	3179	3173	3175	3171	3177	3169	3177	3182	3188	3180	3183	3178	3190	3192	3179	3175	3181	3182	3183	3196	3182	3188	3182	3174	3186	3191	3185	3191	3182	3187	3176	3192	3202	3180	3198	3206	3184	3199	3180	3189	3188	3186	3190	3188	3189	3177	3184	3190	3189	3192	3193	3198	3189	3193	3183	3194	3180	3192	3196	3183	3203	3181	3198	3190	3199	3196	3189	3195	3191	3197	3182	3203
3137	3142	3118	3133	3132	3143	3137	3130	3140	3144	3141	3134	3122	3121	3134	3142	3139	3133	3143	3119	3083	3065	3063	3071	3063	3063	3077	3066	3076	3081	3110	3132	3136	3144	3148	3143	3155	3161	3152	3153	3168	3149	3149	3155	3148	3145	3146	3170	3165	3149	3165	3143	3171	3165	3162	3153	3158	3166	3158	3168	3163	3154	3166	3174	3179	3174	3163	3174	3164	3161	3174	3180	3170	3171	3178	3168	3179	3187	3167	3181
3178	3179	3176	3177	3173	3179	3179	3183	3164	3178	3186	3181	3181	3173	3184	3173	3179	3182	3179	3175	3184	3191	3182	3180	3177	3178	3187	3186	3187	3186	3181	3185	3177	3181	3178	3185	3187	3183	3183	3190	3196	3190	3195	3183	3182	3197	3183	3172	3196	3201	3191	3192	3179	3187	3182	3192	3189	3192	3187	3195	3185	3195	3182	3197	3185	3199	3189	3189	3197	3191	3211	3187	3190	3179	3179	3186	3199	3192	3191	3195
3139	3140	3135	3133	3134	3137	3144	3138	3140	3126	3127	3134	3129	3114	3137	3143	3132	3130	3120	3114	3083	3062	3069	3077	3039	3054	3067	3072	3084	3098	3131	3146	3148	3137	3146	3142	3148	3159	3162	3150	3157	3159	3149	3154	3160	3154	3144	3161	3156	3159	3157	3148	3165	3159	3158	3161	3165	3156	3153	3165	3151	3157	3159	3167	3166	3161	3172	3171	3169	3168	3181	3173	3177	3181	3175	3171	3164	3168	3175	3171
3194	3161	3177	3176	3170	3180	3168	3169	3165	3175	3179	3178	3180	3175	3174	3180	3171	3177	3197	3172	3173	3181	3184	3184	3172	3174	3178	3186	3182	3177	3174	3177	3176	3181	3179	3183	3178	3178	3176	3202	3196	3179	3199	3197	3199	3190	3184	3172	3192	3182	3191	3188	3188	3183	3181	3180	3199	3198	3192	3187	3187	3186	3195	3190	3191	3187	3185	3188	3200	3176	3199	3191	3191	3179	3181	3201	3185	3198	3176	3192
3134	3137	3133	3135	3140	3141	3145	3126	3136	3135	3133	3137	3130	3126	3133	3133	3128	3120	3131	3123	3089	3070	3056	3075	3052	3069	3079	3090	3123	3137	3135	3138	3136	3138	3141	3143	3137	3146	3156	3152	3157	3163	3163	3156	3159	3154	3167	3176	3155	3153	3173	3146	3166	3161	3154	3162	3156	3157	3164	3166	3164	3148	3169	3173	3160	3177	3172	3170	3166	3162	3163	3177	3169	3189	3183	3173	3179	3165	3172	3172
3181	3180	3181	3172	3175	3183	3178	3167	3169	3185	3165	3174	3176	3175	3182	3186	3166	3168	3184	3169	3183	3190	3189	3184	3185	3174	3182	3194	3175	3187	3174	3170	3190	3193	3188	3179	3176	3183	3189	3185	3192	3181	3187	3191	3189	3192	3174	3168	3195	3193	3194	3196	3196	3187	3194	3189	3184	3201	3180	3188	3194	3183	3200	3190	3187	3178	3197	3190	3190	3180	3191	3179	3199	3184	3189	3184	3183	3190	3183	3189
3125	3142	3132	3122	3123	3140	3136	3125	3143	3131	3133	3133	3113	3124	3129	3133	3137	3140	3135	3125	3108	3058	3065	3066	3050	3076	3103	3118	3121	3128	3146	3130	3136	3135	3143	3138	3142	3150	3146	3152	3151	3146	3146	3144	3159	3160	3136	3158	3152	3150	3150	3132	3175	3147	3148	3149	3153	3150	3163	3174	3158	3154	3161	3168	3146	3169	3156	3169	3162	3161	3165	3159	3169	3178	3175	3159	3176	3161	3161	3175
3179	3166	3175	3173	3170	3176	3164	3168	3173	3163	3176	3170	3168	3175	3178	3175	3176	3175	3183	3164	3178	3180	3183	3176	3175	3175	3183	3188	3176	3172	3181	3166	3177	3187	3182	3184	3185	3179	3179	3189	3184	3183	3191	3181	3195	3186	3178	3174	3178	3183	3182	3191	3192	3181	3171	3186	3189	3196	3193	3196	3189	3197	3184	3192	3184	3190	3198	3194	3201	3188	3190	3188	3182	3185	3186	3179	3182	3179	3180	3175
3139	3142	3130	3147	3134	3139	3138	3134	3139	3128	3138	3144	3130	3131	3140	3151	3139	3136	3140	3124	3122	3085	3061	3074	3084	3121	3109	3131	3126	3120	3150	3150	3140	3144	3139	3143	3147	3154	3158	3151	3157	3157	3167	3163	3156	3156	3148	3168	3156	3152	3166	3148	3164	3155	3155	3156	3159	3152	3161	3169	3151	3156	3172	3166	3173	3167	3165	3162	3170	3175	3169	3176	3173	3189	3181	3164	3178	3175	3170	3170
3185	3163	3182	3175	3179	3170	3176	3170	3167	3167	3175	3185	3174	3176	3185	3180	3175	3174	3181	3166	3179	3181	3177	3182	3174	3190	3176	3184	3185	3179	3175	3179	3188	3185	3176	3178	3182	3184	3170	3186	3194	3186	3192	3200	3193	3187	3190	3183	3192	3192	3194	3183	3193	3201	3181	3184	3176	3201	3189	3194	3184	3195	3194	3190	3181	3195	3199	3179	3200	3187	3199	3187	3194	3184	3182	3187	3193	3190	3191	3186
3131	3134	3130	3124	3120	3146	3130	3126	3131	3129	3129	3145	3125	3127	3143	3133	3129	3149	3128	3128	3135	3093	3082	3084	3093	3108	3115	3124	3119	3141	3151	3136	3143	3135	3137	3143	3145	3160	3144	3154	3153	3163	3148	3154	3150	3152	3144	3170	3149	3143	3163	3147	3166	3157	3167	3160	3153	3152	3152	3169	3152	3160	3159	3174	3161	3169	3166	3162	3163	3170	3163	3167	3156	3176	3179	3170	3171	3170	3160	3173
3180	3172	3177	3173	3172	3182	3170	3166	3176	3171	3174	3173	3181	3168	3178	3168	3170	3179	3184	3174	3171	3187	3182	3173	3176	3168	3176	3181	3183	3179	3180	3168	3190	3178	3179	3177	3181	3173	3194	3199	3191	3179	3204	3188	3193	3186	3182	3194	3186	3187	3200	3183	3199	3202	3176	3192	3187	3194	3186	3186	3194	3185	3192	3199	3189	3184	3179	3186	3199	3197	3193	3191	3188	3182	3182	3191	3195	3184	3188	3186
3126	3126	3128	3128	3132	3132	3131	3125	3133	3118	3134	3138	3127	3127	3131	3133	3135	3144	3132	3146	3121	3109	3081	3098	3092	3112	3104	3111	3119	3119	3140	3132	3138	3132	3133	3139	3141	3148	3148	3154	3155	3152	3137	3159	3160	3150	3145	3162	3154	3151	3154	3142	3159	3155	3168	3148	3161	3165	3160	3165	3151	3150	3159	3159	3161	3161	3156	3164	3174	3180	3165	3172	3167	3177	3177	3175	3172	3164	3156	3172
3172	3168	3174	3164	3165	3179	3179	3168	3163	3188	3166	3184	3178	3170	3170	3178	3173	3178	3176	3174	3176	3197	3171	3181	3173	3187	3177	3183	3179	3191	3189	3179	3173	3179	3180	3187	3172	3181	3175	3195	3192	3179	3191	3194	3183	3184	3178	3175	3191	3194	3188	3201	3188	3189	3191	3178	3165	3180	3180	3180	3191	3187	3192	3192	3189	3191	3197	3188	3204	3189	3201	3194	3194	3178	3180	3188	3179	3187	3182	3194
3126	3134	3126	3130	3137	3150	3122	3126	3143	3140	3130	3140	3128	3124	3132	3133	3143	3135	3140	3132	3135	3124	3103	3086	3092	3113	3119	3117	3122	3132	3141	3133	3147	3126	3135	3127	3144	3153	3138	3164	3169	3156	3149	3161	3157	3158	3152	3169	3161	3154	3159	3154	3165	3162	3158	3166	3160	3168	3143	3170	3157	3161	3170	3171	3151	3169	3160	3166	3169	3172	3168	3168	3159	3182	3176	3171	3182	3164	3167	3173
3172	3170	3174	3164	3164	3176	3167	3163	3172	3169	3168	3167	3172	3172	3176	3176	3175	3177	3181	3174	3173	3185	3183	3178	3183	3170	3188	3180	3186	3189	3184	3180	3191	3189	3173	3190	3172	3187	3180	3193	3193	3171	3189	3191	3201	3197	3175	3180	3201	3190	3198	3189	3194	3199	3194	3186	3177	3181	3185	3195	3181	3190	3201	3184	3192	3199	3187	3193	3201	3189	3195	3191	3192	3185	3184	3184	3201	3185	3181	3196
3124	3133	3139	3137	3133	3142	3129	3129	3140	3132	3133	3125	3140	3126	3146	3146	3129	3125	3131	3135	3129	3120	3115	3090	3092	3107	3119	3131	3130	3131	3147	3136	3127	3129	3131	3137	3144	3141	3142	3149	3157	3161	3142	3159	3146	3158	3157	3173	3161	3154	3152	3148	3167	3160	3152	3164	3164	3159	3160	3167	3159	3163	3161	3165	3156	3163	3162	3169	3164	3172	3171	3185	3153	3170	3176	3173	3178	3174	3171	3170
3181	3178	3166	3169	3169	3176	3179	3170	3165	3178	3180	3171	3171	3181	3182	3182	3171	3167	3187	3159	3183	3195	3185	3192	3166	3187	3180	3192	3188	3188	3180	3172	3189	3195	3179	3189	3185	3181	3186	3188	3189	3187	3184	3194	3190	3195	3196	3185	3185	3181	3204	3189	3203	3195	3182	3192	3165	3189	3189	3190	3187	3200	3190	3202	3196	3194	3199	3175	3187	3191	3181	3179	3199	3182	3183	3183	3200	3181	3191	3196
3120	3129	3132	3126	3120	3120	3120	3119	3124	3125	3122	3118	3123	3129	3139	3132	3136	3136	3143	3125	3129	3112	3123	3094	3068	3093	3103	3118	3117	3128	3135	3130	3129	3128	3135	3126	3146	3149	3143	3142	3152	3164	3141	3141	3154	3153	3156	3159	3157	3142	3155	3134	3154	3159	3143	3160	3154	3160	3149	3168	3157	3168	3159	3153	3153	3169	3156	3161	3160	3174	3167	3168	3164	3160	3169	3163	3176	3171	3164	3158
3173	3164	3165	3167	3175	3174	3170	3161	3177	3175	3161	3170	3174	3160	3176	3177	3167	3187	3175	3173	3183	3176	3182	3173	3172	3178	3176	3178	3189	3182	3181	3185	3180	3180	3171	3184	3180	3172	3185	3188	3192	3177	3187	3184	3191	3198	3174	3170	3185	3185	3195	3194	3203	3186	3178	3191	3163	3177	3184	3182	3180	3183	3191	3183	3176	3184	3187	3184	3210	3174	3196	3184	3199	3167	3198	3185	3178	3186	3187	3193
3133	3139	3137	3124	3131	3137	3138	3125	3126	3131	3128	3135	3130	3129	3130	3140	3139	3135	3118	3129	3132	3127	3116	3097	3078	3094	3105	3114	3131	3129	3146	3139	3135	3134	3137	3126	3128	3152	3144	3149	3155	3152	3134	3145	3142	3152	3143	3156	3144	3148	3161	3144	3158	3160	3153	3168	3161	3153	3156	3163	3153	3173	3177	3162	3164	3174	3153	3168	3163	3163	3177	3169	3152	3168	3167	3168	3176	3164	3166	3170
3186	3163	3169	3171	3178	3176	3171	3162	3177	3178	3173	3184	3187	3174	3185	3175	3166	3170	3179	3178	3185	3175	3180	3180	3182	3186	3185	3190	3170	3182	3188	3165	3186	3184	3184	3178	3186	3187	3179	3179	3191	3181	3189	3189	3190	3182	3182	3188	3175	3178	3188	3182	3194	3197	3187	3184	3186	3185	3174	3195	3182	3192	3187	3189	3187	3185	3205	3175	3188	3192	3187	3194	3200	3175	3174	3183	3189	3195	3193	3183
3125	3130	3119	3128	3126	3138	3134	3139	3142	3119	3123	3136	3121	3119	3135	3130	3141	3132	3132	3136	3122	3117	3128	3112	3084	3089	3103	3114	3125	3122	3137	3128	3136	3121	3124	3131	3137	3148	3150	3148	3157	3158	3141	3155	3150	3158	3149	3161	3141	3169	3154	3140	3155	3158	3149	3169	3157	3156	3156	3169	3152	3153	3147	3167	3159	3169	3160	3155	3167	3178	3159	3156	3158	3168	3175	3170	3174	3171	3168	3175
3187	3158	3162	3166	3179	3181	3179	3166	3172	3178	3169	3171	3167	3170	3181	3171	3169	3182	3184	3166	3179	3184	3163	3184	3171	3182	3188	3191	3188	3183	3181	3175	3177	3178	3181	3180	3182	3184	3180	3183	3193	3189	3191	3195	3183	3195	3182	3175	3198	3183	3186	3186	3192	3188	3188	3179	3182	3191	3175	3186	3176	3184	3197	3202	3189	3189	3192	3184	3184	3184	3196	3184	3194	3193	3188	3178	3194	3179	3184	3193
3140	3130	3124	3125	3139	3138	3138	3131	3143	3117	3131	3125	3122	3122	3134	3140	3145	3143	3139	3131	3132	3131	3128	3125	3089	3082	3098	3108	3117	3132	3142	3125	3134	3118	3123	3125	3140	3149	3143	3153	3161	3165	3151	3152	3152	3152	3151	3159	3158	3155	3165	3149	3156	3160	3158	3159	3150	3169	3154	3166	3164	3165	3176	3169	3165	3164	3151	3166	3166	3177	3166	3172	3155	3174	3175	3175	3159	3166	3171	3164
3183	3174	3176	3170	3174	3170	3171	3165	3175	3171	3173	3169	3178	3179	3172	3179	3180	3183	3180	3184	3173	3180	3175	3183	3183	3171	3181	3174	3184	3186	3173	3175	3185	3184	3179	3184	3187	3180	3177	3201	3202	3193	3201	3182	3187	3195	3188	3181	3194	3185	3195	3183	3188	3191	3180	3187	3189	3185	3180	3185	3174	3189	3202	3187	3184	3185	3184	3196	3196	3193	3189	3197	3197	3192	3182	3184	3201	3196	3206	3193
3142	3148	3136	3132	3126	3140	3136	3135	3132	3124	3133	3138	3124	3124	3143	3138	3141	3136	3139	3134	3133	3138	3135	3137	3108	3107	3098	3102	3127	3133	3150	3147	3132	3130	3120	3128	3136	3150	3144	3141	3158	3145	3150	3156	3148	3154	3155	3165	3171	3156	3168	3150	3161	3158	3156	3157	3160	3154	3154	3177	3159	3161	3170	3167	3162	3158	3153	3166	3170	3171	3162	3174	3160	3177	3170	3176	3171	3174	3171	3173
3185	3175	3172	3178	3179	3180	3184	3172	3173	3166	3161	3181	3178	3167	3176	3182	3177	3175	3182	3171	3193	3181	3178	3176	3174	3178	3184	3180	3188	3186	3191	3178	3184	3180	3172	3196	3187	3174	3189	3209	3185	3181	3204	3189	3197	3196	3191	3174	3173	3182	3182	3180	3193	3177	3182	3187	3192	3195	3186	3178	3178	3183	3189	3200	3179	3189	3190	3187	3173	3197	3192	3205	3204	3182	3193	3189	3190	3186	3199	3200
3128	3131	3133	3131	3142	3127	3137	3124	3135	3127	3128	3136	3114	3109	3145	3144	3138	3128	3128	3132	3143	3129	3121	3126	3111	3082	3092	3089	3125	3117	3137	3138	3128	3130	3127	3127	3131	3154	3147	3157	3155	3149	3138	3162	3138	3149	3140	3153	3158	3166	3164	3145	3156	3156	3157	3163	3156	3161	3151	3168	3172	3153	3176	3163	3167	3163	3165	3166	3170	3167	3175	3155	3148	3164	3177	3178	3170	3165	3176	3168
3169	3171	3162	3174	3168	3172	3166	3157	3171	3176	3177	3173	3173	3163	3178	3181	3157	3167	3185	3174	3189	3177	3176	3179	3176	3186	3181	3183	3181	3173	3197	3169	3180	3184	3183	3178	3182	3172	3185	3195	3188	3183	3189	3197	3176	3186	3187	3178	3191	3173	3186	3182	3180	3186	3177	3181	3176	3196	3182	3180	3176	3180	3190	3186	3186	3186	3196	3196	3195	3190	3183	3198	3191	3191	3166	3179	3193	3177	3194	3181
3122	3135	3128	3127	3136	3132	3131	3135	3119	3128	3116	3133	3123	3117	3139	3125	3143	3130	3117	3141	3123	3124	3132	3130	3102	3093	3086	3094	3102	3119	3132	3134	3121	3129	3136	3117	3148	3147	3144	3146	3152	3152	3147	3161	3151	3153	3146	3152	3159	3156	3163	3137	3151	3157	3164	3153	3155	3160	3156	3166	3154	3163	3160	3151	3160	3169	3154	3154	3168	3175	3169	3172	3157	3170	3162	3173	3171	3165	3166	3160
3172	3175	3165	3170	3168	3181	3176	3168	3164	3177	3167	3169	3174	3171	3171	3174	3173	3173	3185	3161	3183	3186	3174	3187	3169	3191	3185	3178	3191	3178	3186	3176	3181	3190	3190	3188	3176	3181	3191	3191	3197	3175	3195	3187	3175	3187	3182	3186	3183	3176	3179	3184	3180	3184	3174	3176	3177	3190	3200	3181	3188	3181	3188	3199	3181	3191	3200	3193	3192	3186	3190	3186	3194	3182	3188	3174	3190	3192	3198	3187
3127	3136	3131	3119	3124	3135	3131	3124	3123	3121	3122	3139	3119	3110	3126	3135	3142	3129	3122	3128	3128	3123	3132	3124	3111	3096	3073	3084	3101	3116	3123	3133	3131	3124	3135	3134	3128	3137	3142	3136	3155	3145	3135	3146	3144	3149	3146	3160	3157	3153	3148	3142	3168	3153	3147	3152	3150	3152	3149	3172	3155	3154	3156	3153	3160	3165	3162	3163	3160	3163	3163	3160	3157	3152	3175	3160	3159	3166	3160	3162
3172	3168	3156	3166	3162	3182	3175	3162	3167	3170	3166	3166	3157	3162	3165	3174	3171	3180	3170	3175	3167	3172	3158	3179	3184	3180	3179	3178	3174	3183	3170	3167	3172	3186	3182	3166	3178	3179	3172	3179	3186	3179	3186	3179	3172	3188	3182	3181	3179	3174	3190	3190	3181	3172	3160	3168	3182	3177	3182	3174	3175	3175	3181	3186	3185	3193	3186	3180	3191	3195	3187	3182	3192	3177	3172	3185	3171	3186	3172	3191
3118	3121	3131	3130	3124	3121	3133	3124	3128	3109	3120	3124	3116	3118	3136	3135	3142	3123	3124	3124	3134	3128	3135	3138	3112	3114	3090	3087	3093	3101	3132	3140	3132	3120	3132	3133	3144	3147	3150	3149	3154	3155	3141	3149	3138	3158	3146	3161	3158	3161	3154	3148	3148	3149	3158	3162	3152	3149	3150	3163	3159	3153	3165	3166	3154	3169	3163	3164	3160	3172	3160	3178	3157	3158	3174	3167	3171	3161	3159	3174
3182	3162	3166	3168	3169	3171	3172	3163	3173	3172	3161	3174	3168	3165	3181	3181	3164	3176	3180	3169	3169	3169	3170	3187	3170	3181	3176	3180	3184	3176	3188	3174	3190	3189	3173	3183	3187	3176	3178	3189	3178	3185	3188	3203	3182	3186	3194	3182	3174	3175	3191	3179	3185	3179	3171	3181	3168	3191	3193	3195	3188	3183	3174	3189	3188	3196	3180	3180	3187	3189	3181	3187	3193	3178	3174	3179	3182	3186	3191	3186
3119	3137	3155	3123	3123	3126	3125	3123	3133	3132	3127	3137	3125	3119	3140	3125	3131	3133	3128	3128	3131	3132	3134	3139	3119	3121	3101	3089	3094	3120	3119	3132	3137	3133	3130	3145	3146	3143	3140	3154	3149	3149	3149	3155	3148	3154	3146	3158	3154	3159	3147	3139	3153	3148	3155	3152	3150	3146	3148	3176	3163	3159	3169	3160	3150	3148	3166	3154	3166	3163	3154	3173	3154	3159	3171	3162	3173	3161	3171	3166
3174	3173	3160	3167	3161	3174	3166	3169	3180	3172	3161	3178	3177	3172	3179	3183	3178	3175	3176	3170	3189	3174	3173	3185	3179	3182	3182	3178	3184	3194	3178	3174	3183	3176	3185	3182	3180	3171	3176	3193	3190	3187	3192	3192	3183	3190	3173	3189	3176	3177	3187	3199	3197	3168	3177	3179	3180	3191	3177	3191	3188	3183	3184	3189	3197	3186	3189	3202	3190	3187	3204	3185	3189	3186	3177	3180	3194	3188	3206	3187
3127	3123	3131	3118	3123	3137	3139	3122	3135	3132	3131	3126	3124	3118	3138	3125	3140	3129	3133	3129	3121	3125	3132	3134	3125	3134	3095	3087	3090	3114	3121	3138	3130	3136	3127	3137	3149	3161	3154	3143	3153	3152	3147	3153	3161	3150	3140	3153	3152	3164	3171	3144	3153	3160	3160	3164	3149	3171	3158	3169	3158	3167	3161	3174	3158	3173	3163	3162	3158	3163	3166	3165	3150	3162	3178	3166	3170	3174	3172	3173
3171	3167	3165	3162	3163	3171	3173	3175	3180	3171	3177	3169	3184	3172	3178	3175	3175	3177	3183	3177	3187	3184	3171	3173	3175	3175	3179	3180	3183	3182	3188	3175	3182	3188	3181	3182	3178	3173	3183	3194	3194	3183	3184	3174	3177	3191	3185	3184	3182	3169	3181	3191	3196	3193	3184	3180	3189	3185	3179	3195	3193	3175	3189	3180	3194	3182	3194	3190	3198	3195	3183	3187	3195	3182	3182	3172	3187	3189	3200	3187
3134	3134	3116	3123	3135	3134	3138	3125	3110	3125	3118	3138	3123	3119	3142	3131	3129	3135	3135	3128	3133	3126	3148	3137	3129	3135	3114	3090	3096	3092	3126	3129	3131	3136	3140	3140	3137	3160	3153	3146	3142	3154	3147	3159	3168	3148	3150	3164	3158	3167	3169	3148	3161	3156	3151	3157	3170	3154	3147	3185	3163	3168	3169	3163	3169	3160	3156	3170	3164	3172	3159	3169	3147	3164	3173	3172	3167	3171	3168	3159
3170	3171	3165	3164	3172	3190	3167	3169	3170	3164	3171	3169	3170	3166	3175	3177	